15.446782
27.726958
39.047694
33.934845
20.600458
1.167144
0.000000
8.892179
9.335111
6.893925
8.504108
5.984119
6.817216
7.902563
7.436121
10.403349
5.721227
0.000000
0.000000
0.737884
8.849669
20.419035
21.524260
17.390869
19.230699
14.346552
9.165475
0.000000
0.000000
3.220623
2.419272
15.295631
23.392189
20.911892
16.473207
10.202897
9.455147
19.212713
29.285877
16.196398
8.039040
0.000000
4.666270
14.309076
20.592675
15.957623
8.393630
1.443621
0.000000
12.339420
10.725454
1.203590
0.000000
1.340619
2.033841
16.718594
28.633354
34.130063
29.397498
24.034405
28.515287
31.657724
33.710539
26.312837
6.477446
0.000000
0.000000
6.247538
14.967672
8.823651
7.837727
4.356177
