0.000000
28.845715
25.419044
25.448655
20.104142
12.851425
6.695651
0.000000
0.000000
0.000000
14.975920
19.918520
21.705698
30.284622
27.127307
23.588362
21.117989
8.921961
8.260845
3.655132
2.414649
4.601436
6.318860
23.721544
25.697896
28.431433
26.667510
25.665340
20.926542
15.669180
5.845818
0.000000
0.000000
2.426193
13.460054
14.619002
23.975806
30.533141
26.158166
25.263138
23.739440
13.245434
6.643817
0.000000
3.188750
4.667630
12.180330
19.723027
23.573794
26.656890
26.315073
25.261515
14.939451
15.507281
7.445862
2.936730
5.581589
1.058119
12.589835
24.048886
22.977188
29.289687
32.855713
26.014948
17.475091
9.155787
2.495963
4.277603
4.281182
5.337091
7.758388
14.259277
