10.000000
9.059050
7.964230
17.071016
21.577632
21.925413
18.137470
9.330158
3.904067
-2.380445
2.234845
-4.581734
1.753421
3.490683
16.995462
14.590238
18.054738
23.016569
21.798710
18.063215
6.002021
7.582605
3.675669
0.449982
5.223539
2.681327
17.693265
18.106308
23.438983
15.428800
20.588718
10.257494
7.022156
-3.118010
-0.320378
-3.076953
3.362957
8.869495
8.168973
19.595409
24.425244
24.943449
14.375100
8.728057
6.684867
1.576468
-3.470786
-0.215193
-2.032615
10.924390
16.979855
21.544456
25.817269
15.365143
18.320096
10.472196
12.459486
6.194852
-1.191232
0.531875
6.375930
7.405855
10.931829
15.367504
19.811910
22.229309
15.391710
8.172925
10.991205
-1.705725
3.161240
-1.281312
